{
 "cells": [
  {
   "cell_type": "code",
   "execution_count": 1,
   "metadata": {
    "collapsed": true
   },
   "outputs": [],
   "source": [
    "%load_ext autoreload\n",
    "%autoreload 2"
   ]
  },
  {
   "cell_type": "code",
   "execution_count": 2,
   "metadata": {
    "collapsed": true
   },
   "outputs": [],
   "source": [
    "import numpy as np\n",
    "import scipy as sp\n",
    "import scipy.sparse\n",
    "import matplotlib.pyplot as plt\n",
    "%matplotlib inline"
   ]
  },
  {
   "cell_type": "code",
   "execution_count": 3,
   "metadata": {},
   "outputs": [],
   "source": [
    "from generate_matrices import band_mx"
   ]
  },
  {
   "cell_type": "code",
   "execution_count": 5,
   "metadata": {},
   "outputs": [
    {
     "name": "stdout",
     "output_type": "stream",
     "text": [
      "[-24.98373105 -25.75552193 -22.96455279 -26.38817053 -24.62220085\n",
      " -26.37779635 -24.94882001]\n",
      "[[-24.98373105 -24.98373105 -24.98373105]\n",
      " [-25.75552193 -25.75552193 -25.75552193]\n",
      " [-22.96455279 -22.96455279 -22.96455279]\n",
      " [-26.38817053 -26.38817053 -26.38817053]\n",
      " [-24.62220085 -24.62220085 -24.62220085]\n",
      " [-26.37779635 -26.37779635 -26.37779635]\n",
      " [-24.94882001 -24.94882001 -24.94882001]]\n",
      "[-3 -2 -1  0  1  2  3]\n"
     ]
    },
    {
     "data": {
      "text/plain": [
       "<5x3 sparse matrix of type '<class 'numpy.float64'>'\n",
       "\twith 14 stored elements (7 diagonals) in DIAgonal format>"
      ]
     },
     "execution_count": 5,
     "metadata": {},
     "output_type": "execute_result"
    }
   ],
   "source": [
    "band_mx(5, 3, half_band_size=3)"
   ]
  },
  {
   "cell_type": "code",
   "execution_count": 6,
   "metadata": {},
   "outputs": [
    {
     "name": "stdout",
     "output_type": "stream",
     "text": [
      "[-25.07107905 -26.09829239 -24.71923002 -25.01614101 -24.92119495\n",
      " -24.46415925 -24.18835058]\n",
      "[[-25.07107905 -25.07107905 -25.07107905]\n",
      " [-26.09829239 -26.09829239 -26.09829239]\n",
      " [-24.71923002 -24.71923002 -24.71923002]\n",
      " [-25.01614101 -25.01614101 -25.01614101]\n",
      " [-24.92119495 -24.92119495 -24.92119495]\n",
      " [-24.46415925 -24.46415925 -24.46415925]\n",
      " [-24.18835058 -24.18835058 -24.18835058]]\n",
      "[-3 -2 -1  0  1  2  3]\n"
     ]
    },
    {
     "data": {
      "text/plain": [
       "array([[-25.01614101, -24.92119495, -24.46415925],\n",
       "       [-24.71923002, -25.01614101, -24.92119495],\n",
       "       [-26.09829239, -24.71923002, -25.01614101],\n",
       "       [-25.07107905, -26.09829239, -24.71923002],\n",
       "       [  0.        , -25.07107905, -26.09829239]])"
      ]
     },
     "execution_count": 6,
     "metadata": {},
     "output_type": "execute_result"
    }
   ],
   "source": [
    "band_mx(5, 3, half_band_size=3, return_sparse=False)"
   ]
  },
  {
   "cell_type": "code",
   "execution_count": 7,
   "metadata": {},
   "outputs": [
    {
     "name": "stdout",
     "output_type": "stream",
     "text": [
      "[-24.20699376 -25.4440164  -25.54174161 -24.33191448 -25.11553705\n",
      " -26.07239115 -23.50164298]\n",
      "[[-24.20699376 -24.20699376 -24.20699376 -24.20699376 -24.20699376\n",
      "  -24.20699376 -24.20699376 -24.20699376 -24.20699376 -24.20699376]\n",
      " [-25.4440164  -25.4440164  -25.4440164  -25.4440164  -25.4440164\n",
      "  -25.4440164  -25.4440164  -25.4440164  -25.4440164  -25.4440164 ]\n",
      " [-25.54174161 -25.54174161 -25.54174161 -25.54174161 -25.54174161\n",
      "  -25.54174161 -25.54174161 -25.54174161 -25.54174161 -25.54174161]\n",
      " [-24.33191448 -24.33191448 -24.33191448 -24.33191448 -24.33191448\n",
      "  -24.33191448 -24.33191448 -24.33191448 -24.33191448 -24.33191448]\n",
      " [-25.11553705 -25.11553705 -25.11553705 -25.11553705 -25.11553705\n",
      "  -25.11553705 -25.11553705 -25.11553705 -25.11553705 -25.11553705]\n",
      " [-26.07239115 -26.07239115 -26.07239115 -26.07239115 -26.07239115\n",
      "  -26.07239115 -26.07239115 -26.07239115 -26.07239115 -26.07239115]\n",
      " [-23.50164298 -23.50164298 -23.50164298 -23.50164298 -23.50164298\n",
      "  -23.50164298 -23.50164298 -23.50164298 -23.50164298 -23.50164298]]\n",
      "[-3 -2 -1  0  1  2  3]\n",
      "[[-24.33191448 -25.11553705 -26.07239115 -23.50164298   0.           0.\n",
      "    0.           0.           0.           0.        ]\n",
      " [-25.54174161 -24.33191448 -25.11553705 -26.07239115 -23.50164298   0.\n",
      "    0.           0.           0.           0.        ]\n",
      " [-25.4440164  -25.54174161 -24.33191448 -25.11553705 -26.07239115\n",
      "  -23.50164298   0.           0.           0.           0.        ]\n",
      " [-24.20699376 -25.4440164  -25.54174161 -24.33191448 -25.11553705\n",
      "  -26.07239115 -23.50164298   0.           0.           0.        ]\n",
      " [  0.         -24.20699376 -25.4440164  -25.54174161 -24.33191448\n",
      "  -25.11553705 -26.07239115 -23.50164298   0.           0.        ]\n",
      " [  0.           0.         -24.20699376 -25.4440164  -25.54174161\n",
      "  -24.33191448 -25.11553705 -26.07239115 -23.50164298   0.        ]\n",
      " [  0.           0.           0.         -24.20699376 -25.4440164\n",
      "  -25.54174161 -24.33191448 -25.11553705 -26.07239115 -23.50164298]\n",
      " [  0.           0.           0.           0.         -24.20699376\n",
      "  -25.4440164  -25.54174161 -24.33191448 -25.11553705 -26.07239115]\n",
      " [  0.           0.           0.           0.           0.         -24.20699376\n",
      "  -25.4440164  -25.54174161 -24.33191448 -25.11553705]\n",
      " [  0.           0.           0.           0.           0.           0.\n",
      "  -24.20699376 -25.4440164  -25.54174161 -24.33191448]]\n"
     ]
    }
   ],
   "source": [
    "print(band_mx(10, 10, half_band_size=3, return_sparse=False))"
   ]
  },
  {
   "cell_type": "code",
   "execution_count": 13,
   "metadata": {},
   "outputs": [
    {
     "name": "stdout",
     "output_type": "stream",
     "text": [
      "[-57.61569273  -5.6685512  -77.90357522]\n",
      "[[-57.61569273 -57.61569273 -57.61569273 -57.61569273 -57.61569273\n",
      "  -57.61569273 -57.61569273 -57.61569273 -57.61569273 -57.61569273]\n",
      " [ -5.6685512   -5.6685512   -5.6685512   -5.6685512   -5.6685512\n",
      "   -5.6685512   -5.6685512   -5.6685512   -5.6685512   -5.6685512 ]\n",
      " [-77.90357522 -77.90357522 -77.90357522 -77.90357522 -77.90357522\n",
      "  -77.90357522 -77.90357522 -77.90357522 -77.90357522 -77.90357522]]\n",
      "[-1  0  1]\n"
     ]
    },
    {
     "data": {
      "text/plain": [
       "(array([[ 0.13528755,  0.1358756 , -0.26899614,  0.24749798, -0.3958635 ,\n",
       "          0.31076809, -0.50089662,  0.28787983, -0.4844114 ,  0.08893584],\n",
       "        [ 0.23268017, -0.23687214, -0.37288211, -0.41503163, -0.36675915,\n",
       "         -0.479562  , -0.22123363, -0.39104027, -0.03703807, -0.10362714],\n",
       "        [ 0.33226306,  0.32499963, -0.43623933,  0.38795677, -0.20828014,\n",
       "          0.15103411,  0.24273285, -0.14580228,  0.53515296, -0.10199578],\n",
       "        [ 0.38784261, -0.3995913 , -0.29670397, -0.3332632 ,  0.12352263,\n",
       "          0.16922421,  0.29828934,  0.55384676,  0.05914121,  0.21838537],\n",
       "        [ 0.42661111,  0.41308762, -0.1047313 ,  0.09043194,  0.44892149,\n",
       "         -0.33584187,  0.20891017, -0.10017156, -0.49936497,  0.10417079],\n",
       "        [ 0.41729679, -0.43047726,  0.13333821,  0.15288166,  0.31879593,\n",
       "          0.42358714, -0.1986743 , -0.38573835, -0.07738876, -0.35226318],\n",
       "        [ 0.38774971,  0.37636564,  0.34696297, -0.3081667 ,  0.10794553,\n",
       "         -0.07863354, -0.49973221,  0.26513693,  0.38242713, -0.09237528],\n",
       "        [ 0.31186308, -0.31836738,  0.40450508,  0.45322756, -0.23632219,\n",
       "         -0.31757111, -0.02032178, -0.01175626,  0.10258999,  0.5143623 ],\n",
       "        [ 0.22826463,  0.22465654,  0.4010704 , -0.36086557, -0.46895973,\n",
       "          0.35840459,  0.40255393, -0.22380939, -0.20526399,  0.0607666 ],\n",
       "        [ 0.10435405, -0.1034405 ,  0.19143969,  0.20678986, -0.24404174,\n",
       "         -0.30706844,  0.23864751,  0.39604711, -0.14079945, -0.71520715]]),\n",
       " array([ 135.81565442,  124.49026484,  120.18761153,  108.85146934,\n",
       "          95.78302163,   84.24406101,   65.30923722,   52.76694114,\n",
       "          34.65840804,    7.64311723]),\n",
       " array([[-0.10435405, -0.22826463, -0.31186308, -0.38774971, -0.41729679,\n",
       "         -0.42661111, -0.38784261, -0.33226306, -0.23268017, -0.13528755],\n",
       "        [ 0.1034405 , -0.22465654,  0.31836738, -0.37636564,  0.43047726,\n",
       "         -0.41308762,  0.3995913 , -0.32499963,  0.23687214, -0.1358756 ],\n",
       "        [ 0.19143969,  0.4010704 ,  0.40450508,  0.34696297,  0.13333821,\n",
       "         -0.1047313 , -0.29670397, -0.43623933, -0.37288211, -0.26899614],\n",
       "        [ 0.20678986, -0.36086557,  0.45322756, -0.3081667 ,  0.15288166,\n",
       "          0.09043194, -0.3332632 ,  0.38795677, -0.41503163,  0.24749798],\n",
       "        [ 0.24404174,  0.46895973,  0.23632219, -0.10794553, -0.31879593,\n",
       "         -0.44892149, -0.12352263,  0.20828014,  0.36675915,  0.3958635 ],\n",
       "        [ 0.30706844, -0.35840459,  0.31757111,  0.07863354, -0.42358714,\n",
       "          0.33584187, -0.16922421, -0.15103411,  0.479562  , -0.31076809],\n",
       "        [ 0.23864751,  0.40255393, -0.02032178, -0.49973221, -0.1986743 ,\n",
       "          0.20891017,  0.29828934,  0.24273285, -0.22123363, -0.50089662],\n",
       "        [ 0.39604711, -0.22380939, -0.01175626,  0.26513693, -0.38573835,\n",
       "         -0.10017156,  0.55384676, -0.14580228, -0.39104027,  0.28787983],\n",
       "        [ 0.14079945,  0.20526399, -0.10258999, -0.38242713,  0.07738876,\n",
       "          0.49936497, -0.05914121, -0.53515296,  0.03703807,  0.4844114 ],\n",
       "        [ 0.71520715, -0.0607666 , -0.5143623 ,  0.09237528,  0.35226318,\n",
       "         -0.10417079, -0.21838537,  0.10199578,  0.10362714, -0.08893584]]))"
      ]
     },
     "execution_count": 13,
     "metadata": {},
     "output_type": "execute_result"
    }
   ],
   "source": [
    "np.linalg.svd(band_mx(10, 10, half_band_size=1, return_sparse=False))"
   ]
  },
  {
   "cell_type": "code",
   "execution_count": null,
   "metadata": {
    "collapsed": true
   },
   "outputs": [],
   "source": []
  }
 ],
 "metadata": {
  "kernelspec": {
   "display_name": "Python 3",
   "language": "python",
   "name": "python3"
  }
 },
 "nbformat": 4,
 "nbformat_minor": 2
}
